178 2
179 2
180 8
181 7
182 6
183 3
184 4
185 6
186 10
187 3
188 4
189 1
190 7
191 9
193 9
194 10
195 8
196 1
197 7
198 8
199 9
200 2
201 9
202 9
203 2
204 7
205 9
206 3
207 9
208 9
209 8
211 1
213 2
214 4
215 3
216 4
217 8
218 1
219 5
220 6
221 2
222 5
223 7
224 7
225 9
226 8
227 8
228 3
229 3
230 4
231 -1
232 7
233 3
234 1
235 8
236 6
238 1
239 2
240 2
241 6
242 4
243 6
244 10
245 7
246 8
247 7
249 7
250 5
251 5
252 3
253 8
254 10
255 8
256 9
257 8
258 1
259 7
260 9
261 6
262 4
263 5
264 6
265 7
