178 8
179 7
181 3
182 3
183 8
184 5
185 3
186 10
187 1
188 1
189 2
190 3
191 5
192 10
193 2
194 3
195 7
196 7
197 3
198 1
199 4
201 8
202 6
203 6
204 2
206 6
207 7
208 7
209 6
210 1
211 3
212 1
213 8
214 10
215 7
216 5
217 1
218 1
219 1
220 3
221 7
222 8
223 1
224 3
225 1
226 8
227 4
228 7
229 5
230 10
231 10
232 6
233 3
234 2
235 6
237 10
238 7
239 5
240 4
241 9
242 10
243 10
244 5
245 7
246 -1
247 2
248 8
249 9
251 1
252 10
254 9
255 8
256 1
257 5
258 9
259 8
260 4
261 7
262 3
263 2
264 9
265 2
