178 5
179 8
180 3
182 9
183 8
184 3
185 6
186 6
187 1
188 1
189 7
190 6
191 7
192 5
193 10
194 3
195 4
196 1
197 3
198 9
199 7
201 6
202 1
203 8
204 10
205 10
206 2
207 5
209 1
210 7
211 5
212 1
213 3
214 1
215 9
216 7
217 5
218 9
219 9
220 4
221 5
222 4
223 10
224 5
225 8
226 1
227 7
228 7
229 5
230 3
231 10
232 7
233 9
234 8
235 1
236 3
237 8
238 10
239 9
240 2
241 4
242 2
243 6
244 8
245 9
246 2
247 4
248 2
249 2
250 4
251 3
252 5
253 1
254 2
255 8
256 1
257 8
258 10
259 3
260 5
261 5
262 8
263 6
264 9
265 4
