178 10
179 5
180 5
181 6
182 5
183 8
184 1
185 7
186 5
187 6
188 4
189 9
190 3
191 1
192 7
193 7
194 2
195 2
196 -1
198 7
199 8
200 10
201 5
202 4
203 9
204 7
206 6
207 5
208 3
209 8
210 10
211 6
212 3
213 2
214 8
215 2
216 9
217 3
218 3
219 7
220 8
221 4
223 10
224 5
225 5
226 2
227 4
228 9
229 6
230 2
231 8
232 8
233 5
234 6
235 7
236 3
237 9
238 4
239 10
240 10
241 10
242 3
243 1
244 4
245 3
246 1
247 6
249 6
250 6
251 7
252 6
253 10
254 4
255 2
256 9
257 5
258 2
259 8
260 3
261 9
262 3
263 8
264 3
265 3
