178 9
179 6
180 9
181 10
182 3
183 3
184 1
185 8
186 8
187 9
188 4
189 10
190 9
191 2
192 10
193 2
194 8
195 5
196 2
197 5
198 3
199 2
200 10
201 10
202 10
203 8
204 7
205 1
206 3
207 6
208 5
209 2
210 4
211 10
212 9
213 10
214 2
215 8
216 10
217 7
218 1
219 4
220 2
221 9
222 10
223 10
224 1
225 5
226 3
227 7
228 6
229 8
231 10
232 5
233 2
234 5
235 7
236 8
237 10
238 9
239 8
240 4
241 8
242 6
243 9
244 6
245 4
246 9
247 9
248 10
249 5
250 9
251 3
253 5
254 3
255 6
256 9
257 4
258 9
259 7
260 4
261 1
262 2
263 8
264 9
265 5
