178 7
179 4
180 3
181 10
182 4
183 2
184 7
186 3
187 8
188 3
189 1
190 2
191 2
192 6
193 4
194 1
195 8
196 3
197 5
198 2
199 1
200 8
201 10
202 4
203 10
204 8
205 8
206 4
207 2
208 6
209 5
210 2
211 3
212 10
213 5
214 3
215 2
216 1
217 6
218 8
219 1
220 1
221 4
222 3
223 2
224 6
225 5
226 5
227 10
228 5
229 5
230 5
231 2
232 -1
233 3
234 4
236 9
237 3
238 8
239 6
240 4
241 5
242 3
243 8
245 2
246 10
247 6
249 10
250 8
251 7
252 9
253 4
254 5
255 4
256 7
257 9
258 9
259 5
260 10
261 9
262 9
263 4
264 3
265 10
