178 8
179 6
180 4
182 1
183 5
184 6
185 5
186 2
187 4
188 7
189 9
190 6
191 9
192 7
193 9
194 5
195 1
196 3
197 9
198 5
199 4
200 8
201 8
202 5
203 9
205 8
206 6
207 7
208 2
209 9
210 9
211 3
212 7
213 5
214 9
215 10
216 8
217 7
219 2
220 4
221 9
222 8
223 2
224 1
225 10
226 2
227 8
228 1
229 3
230 7
231 7
232 6
233 4
234 9
235 2
236 8
237 1
238 3
239 2
240 7
241 5
242 5
243 5
244 7
245 4
246 7
247 1
248 -1
249 3
250 6
251 3
252 2
253 6
254 4
255 1
256 5
257 6
258 7
259 2
260 9
261 2
262 9
263 5
264 10
265 2
