267 4
268 5
269 5
270 6
271 2
272 2
273 3
274 1
275 9
276 9
277 2
278 10
279 6
280 3
281 1
282 10
283 6
284 4
285 5
286 10
287 10
288 5
289 4
290 9
291 6
292 10
293 4
294 2
295 7
296 5
297 10
298 2
299 5
300 4
301 5
302 5
303 10
304 10
305 2
306 8
307 9
308 2
309 6
310 9
311 2
312 2
313 9
314 3
315 3
316 2
317 3
318 3
319 3
320 6
321 9
322 5
323 9
324 5
325 7
326 4
327 10
328 4
329 1
330 6
331 -1
332 2
333 3
334 3
335 10
336 1
337 5
338 4
339 10
340 1
341 10
342 3
343 5
344 3
345 9
346 1
347 10
