349 2
350 7
351 5
352 2
353 10
354 9
355 7
356 1
357 7
358 4
359 6
360 10
361 8
362 9
363 6
364 1
365 6
366 10
367 1
368 8
369 2
370 6
371 3
372 9
373 5
374 8
375 4
376 9
377 2
378 3
379 10
380 7
381 7
382 2
383 7
384 6
385 4
386 6
387 2
388 3
389 5
390 9
391 1
392 8
393 4
394 10
395 10
396 6
397 8
398 10
399 8
400 4
401 10
402 1
403 6
404 8
405 10
406 7
407 2
408 10
409 3
410 1
411 1
412 6
413 4
414 2
415 4
416 6
417 10
418 3
419 9
420 3
421 4
422 10
423 9
424 10
425 4
426 3
427 5
428 4
429 4
430 8
