349 8
350 8
351 7
352 5
353 3
354 4
355 8
356 4
357 9
358 6
359 6
360 7
361 10
362 7
363 2
364 10
365 5
366 5
367 10
368 1
369 2
370 9
371 6
372 1
373 8
374 9
375 7
376 10
377 7
378 1
379 6
380 10
381 2
382 4
383 7
384 1
385 9
386 8
387 7
388 1
389 3
390 1
391 1
392 9
393 9
394 8
395 6
396 10
397 5
398 4
399 1
400 7
401 9
402 2
403 5
404 5
405 4
406 6
407 10
408 2
409 4
410 7
411 1
412 2
413 4
414 7
415 7
416 2
417 4
418 4
419 1
420 8
421 10
422 7
423 7
424 1
425 5
426 5
427 10
428 1
429 1
430 2
