349 10
350 1
351 2
352 3
353 8
354 6
355 2
356 10
357 10
358 1
359 4
360 3
361 5
362 2
363 2
364 5
365 5
366 7
367 1
368 9
369 2
370 4
371 7
372 9
373 1
374 10
375 9
376 5
377 3
378 1
379 4
380 6
381 10
382 1
383 2
384 5
385 6
386 6
387 5
388 7
389 4
390 5
391 4
392 3
393 8
394 5
395 4
396 1
397 5
398 2
399 7
400 5
401 2
402 9
403 9
404 2
405 1
406 7
407 5
408 9
409 8
410 7
411 3
412 10
413 2
414 1
415 10
416 10
417 4
418 10
419 3
420 4
421 1
422 4
423 9
424 3
425 4
426 7
427 4
428 2
429 2
430 4
