1 2 1
2 7 1
3 9 1
4 8 1
5 9 1
6 3 1
7 1 1
8 6 1
10 3 1
11 7 1
12 5 1
13 1 1
14 8 1
15 5 1
16 10 1
17 5 1
18 4 1
19 4 1
20 5 1
21 2 1
22 4 1
23 10 1
24 2 1
25 4 1
26 10 1
27 9 1
28 3 1
29 10 1
30 2 1
31 6 1
32 7 1
33 7 1
35 8 1
36 4 1
37 6 1
38 2 1
39 9 1
40 5 1
41 4 1
42 1 1
43 6 1
44 2 1
45 2 1
46 6 1
47 7 1
48 8 1
49 5 1
50 5 1
51 7 1
52 6 1
53 10 1
54 10 1
55 8 1
56 9 1
57 1 1
58 7 1
59 -1 1
60 7 1
61 10 1
62 4 1
63 7 1
64 5 1
65 2 1
66 9 1
67 8 1
68 8 1
69 9 1
70 6 1
71 6 1
72 9 1
73 7 1
74 2 1
75 2 1
76 6 1
77 4 1
78 9 1
79 9 1
80 6 1
81 10 1
82 9 1
83 10 1
84 4 1
85 4 1
86 2 1
87 1 1
88 1 1
89 1 1
90 9 1
91 3 1
92 3 1
93 8 1
94 7 1
95 9 1
96 3 1
97 5 1
98 5 1
