1 5 1
2 5 1
3 9 1
4 10 1
5 5 1
6 10 1
7 7 1
8 6 1
9 4 1
10 1 1
11 7 1
12 10 1
13 9 1
14 5 1
15 7 1
16 8 1
17 6 1
18 9 1
19 1 1
20 6 1
21 2 1
22 2 1
23 5 1
24 10 1
25 3 1
26 5 1
27 1 1
28 10 1
30 10 1
31 9 1
32 4 1
33 4 1
34 9 1
35 8 1
36 2 1
37 5 1
38 8 1
39 10 1
40 5 1
42 1 1
43 4 1
45 5 1
46 9 1
47 9 1
48 2 1
49 7 1
50 1 1
51 9 1
52 8 1
53 8 1
54 4 1
55 1 1
56 8 1
57 9 1
58 10 1
59 8 1
60 7 1
61 8 1
62 3 1
63 9 1
64 2 1
65 3 1
66 3 1
67 4 1
68 2 1
69 8 1
70 1 1
71 7 1
72 4 1
73 2 1
74 7 1
75 5 1
76 3 1
77 2 1
78 2 1
79 9 1
80 1 1
82 4 1
83 6 1
84 7 1
85 2 1
86 9 1
87 7 1
89 7 1
90 1 1
91 6 1
92 7 1
94 2 1
95 6 1
96 3 1
97 7 1
98 7 1
