1 1 1
2 2 1
3 7 1
4 1 1
5 10 1
6 3 1
7 2 1
8 3 1
9 2 1
10 4 1
11 3 1
12 1 1
13 10 1
14 2 1
15 7 1
16 10 1
17 5 1
18 2 1
19 3 1
20 5 1
21 10 1
22 6 1
23 3 1
24 4 1
25 10 1
26 3 1
27 8 1
28 8 1
29 3 1
30 3 1
31 3 1
32 2 1
33 2 1
34 3 1
35 2 1
36 8 1
38 5 1
39 3 1
40 4 1
41 2 1
42 1 1
43 2 1
44 3 1
45 5 1
46 3 1
47 7 1
48 6 1
49 6 1
50 1 1
51 2 1
52 4 1
53 5 1
54 2 1
55 6 1
56 1 1
57 1 1
58 10 1
60 5 1
61 9 1
62 2 1
63 3 1
64 4 1
65 6 1
66 8 1
67 5 1
68 4 1
69 2 1
70 6 1
71 3 1
72 4 1
73 2 1
74 7 1
75 5 1
76 4 1
77 7 1
78 5 1
79 4 1
80 4 1
81 10 1
82 7 1
84 9 1
85 8 1
86 8 1
87 2 1
88 6 1
89 10 1
90 6 1
91 5 1
92 1 1
93 9 1
94 1 1
95 1 1
97 4 1
98 6 1
