1 2 1
2 8 1
3 6 1
4 1 1
5 2 1
6 5 1
7 6 1
8 4 1
9 7 1
10 4 1
11 6 1
12 6 1
14 7 1
15 6 1
16 8 1
17 7 1
19 7 1
20 8 1
21 10 1
22 2 1
23 3 1
24 9 1
25 1 1
26 4 1
27 4 1
28 9 1
29 4 1
30 8 1
32 4 1
33 5 1
34 10 1
35 6 1
36 1 1
37 7 1
38 6 1
39 2 1
41 4 1
42 1 1
43 5 1
44 6 1
45 2 1
46 7 1
47 8 1
48 1 1
49 8 1
50 10 1
51 10 1
52 9 1
53 2 1
54 4 1
55 3 1
56 4 1
57 1 1
58 3 1
59 4 1
60 7 1
61 10 1
62 4 1
63 7 1
64 7 1
65 7 1
66 3 1
67 6 1
68 9 1
69 5 1
70 2 1
71 9 1
72 6 1
73 2 1
74 9 1
75 7 1
76 6 1
77 1 1
78 4 1
79 7 1
80 1 1
81 10 1
82 1 1
83 4 1
84 4 1
85 4 1
86 1 1
87 10 1
88 2 1
89 10 1
90 4 1
91 4 1
92 4 1
93 10 1
94 4 1
95 2 1
96 8 1
97 5 1
98 1 1
