1 6 1
2 8 1
3 9 1
4 4 1
5 7 1
6 2 1
7 4 1
8 9 1
9 9 1
10 1 1
11 2 1
12 8 1
13 10 1
14 7 1
15 2 1
16 5 1
17 1 1
18 9 1
19 5 1
20 2 1
21 7 1
22 8 1
23 4 1
24 4 1
25 5 1
26 4 1
27 3 1
28 2 1
29 3 1
30 5 1
31 8 1
32 9 1
33 4 1
34 5 1
35 7 1
36 7 1
37 3 1
38 2 1
39 7 1
40 8 1
41 7 1
42 -1 1
43 1 1
44 1 1
45 9 1
46 9 1
47 10 1
48 3 1
49 3 1
50 9 1
51 4 1
52 4 1
53 2 1
54 2 1
55 10 1
56 2 1
57 7 1
58 7 1
59 7 1
60 10 1
61 2 1
62 9 1
63 6 1
64 4 1
65 8 1
66 5 1
67 1 1
68 9 1
69 10 1
70 8 1
71 8 1
72 5 1
73 10 1
74 7 1
75 9 1
76 5 1
77 9 1
78 10 1
79 2 1
80 3 1
81 3 1
82 5 1
83 7 1
84 8 1
85 7 1
86 10 1
87 10 1
88 7 1
89 5 1
90 6 1
91 7 1
92 9 1
93 10 1
94 5 1
95 3 1
96 5 1
97 8 1
98 9 1
