1 1 1
2 9 1
3 4 1
4 4 1
5 7 1
6 9 1
7 8 1
8 4 1
9 10 1
10 5 1
11 10 1
12 7 1
13 4 1
14 3 1
15 4 1
16 6 1
17 6 1
18 5 1
19 5 1
20 7 1
21 6 1
22 10 1
23 7 1
24 4 1
25 2 1
26 6 1
27 7 1
28 10 1
29 9 1
30 8 1
31 5 1
32 1 1
33 4 1
34 7 1
35 9 1
36 5 1
37 2 1
38 4 1
39 1 1
40 6 1
41 10 1
42 2 1
43 9 1
44 9 1
45 2 1
46 6 1
47 3 1
48 6 1
49 1 1
50 1 1
51 9 1
52 8 1
53 4 1
54 5 1
55 2 1
56 1 1
57 8 1
58 3 1
59 1 1
60 4 1
61 10 1
63 7 1
64 8 1
65 10 1
66 2 1
67 7 1
68 8 1
69 6 1
70 5 1
71 3 1
73 8 1
74 5 1
75 8 1
76 6 1
77 7 1
78 5 1
79 10 1
80 8 1
81 7 1
82 10 1
83 9 1
84 4 1
85 8 1
86 10 1
87 9 1
88 7 1
89 4 1
90 8 1
91 5 1
92 4 1
93 7 1
94 4 1
95 3 1
96 6 1
97 10 1
98 9 1
