1 8 1
2 6 1
3 4 1
5 3 1
6 4 1
7 7 1
8 2 1
9 2 1
10 9 1
11 8 1
12 6 1
13 8 1
15 8 1
16 3 1
17 4 1
18 2 1
20 5 1
21 2 1
22 2 1
23 7 1
24 3 1
25 2 1
26 10 1
27 6 1
28 4 1
29 6 1
30 10 1
31 10 1
32 6 1
33 6 1
34 5 1
35 4 1
36 10 1
37 8 1
38 7 1
39 4 1
40 6 1
41 10 1
42 9 1
43 9 1
44 1 1
45 6 1
46 9 1
47 10 1
48 9 1
49 1 1
50 5 1
51 9 1
52 2 1
53 8 1
54 4 1
55 10 1
57 2 1
58 10 1
59 6 1
60 5 1
61 3 1
62 3 1
63 1 1
64 1 1
65 7 1
66 5 1
67 3 1
69 10 1
70 6 1
71 2 1
72 10 1
73 10 1
74 6 1
75 2 1
78 1 1
79 3 1
81 8 1
82 10 1
83 4 1
84 4 1
85 7 1
86 2 1
87 3 1
88 10 1
89 9 1
90 2 1
91 2 1
92 10 1
93 8 1
94 3 1
96 6 1
97 6 1
98 9 1
