1 5 1
2 2 1
3 6 1
4 10 1
5 1 1
6 3 1
7 2 1
8 9 1
9 4 1
10 3 1
11 1 1
12 10 1
13 6 1
14 4 1
15 10 1
16 3 1
17 2 1
18 8 1
19 7 1
20 1 1
22 7 1
23 4 1
25 3 1
26 4 1
27 5 1
28 5 1
29 4 1
30 6 1
31 3 1
32 10 1
34 9 1
35 5 1
36 7 1
37 3 1
38 9 1
39 6 1
40 1 1
41 4 1
42 8 1
44 4 1
45 3 1
46 3 1
47 5 1
48 4 1
49 2 1
50 3 1
51 4 1
52 8 1
53 3 1
54 4 1
55 7 1
56 7 1
57 1 1
58 10 1
59 10 1
60 10 1
61 4 1
62 8 1
63 8 1
64 8 1
65 4 1
66 6 1
67 1 1
68 8 1
69 10 1
70 2 1
71 8 1
72 6 1
73 10 1
74 4 1
75 8 1
76 6 1
77 7 1
78 5 1
79 3 1
80 3 1
81 6 1
82 2 1
83 10 1
84 5 1
85 5 1
86 9 1
87 7 1
88 3 1
89 2 1
90 8 1
91 1 1
92 1 1
93 5 1
94 6 1
95 3 1
96 2 1
97 9 1
98 10 1
