1 8 1
2 9 1
3 5 1
4 4 1
5 3 1
6 5 1
7 10 1
9 9 1
10 4 1
11 9 1
12 10 1
13 2 1
14 1 1
15 10 1
16 10 1
17 9 1
19 10 1
20 6 1
21 5 1
22 6 1
23 5 1
25 -1 1
26 6 1
27 3 1
28 8 1
29 1 1
31 6 1
32 1 1
33 3 1
34 5 1
35 8 1
36 6 1
37 4 1
38 8 1
39 8 1
40 2 1
41 4 1
42 4 1
43 5 1
44 10 1
45 5 1
46 1 1
47 5 1
48 7 1
49 5 1
50 6 1
51 6 1
52 6 1
53 9 1
54 2 1
55 9 1
56 10 1
57 7 1
58 7 1
59 4 1
60 7 1
62 9 1
63 1 1
64 9 1
65 8 1
66 5 1
67 10 1
68 7 1
69 3 1
70 3 1
71 7 1
72 1 1
73 7 1
74 2 1
75 4 1
76 10 1
77 2 1
78 2 1
79 8 1
80 8 1
81 3 1
82 5 1
83 3 1
84 4 1
85 3 1
86 4 1
88 9 1
89 4 1
90 1 1
91 9 1
92 7 1
93 9 1
94 8 1
95 6 1
96 10 1
97 4 1
98 1 1
