1 3 1
2 5 1
3 8 1
4 7 1
5 5 1
6 7 1
7 9 1
8 5 1
9 5 1
10 7 1
11 2 1
12 1 1
13 7 1
14 2 1
15 8 1
16 6 1
17 7 1
18 8 1
19 7 1
20 2 1
21 2 1
22 4 1
23 8 1
24 2 1
25 1 1
26 1 1
27 3 1
28 9 1
29 9 1
30 10 1
31 4 1
32 9 1
33 9 1
34 5 1
35 4 1
37 5 1
38 4 1
39 6 1
40 4 1
41 9 1
42 7 1
43 10 1
44 5 1
45 5 1
46 4 1
47 2 1
48 6 1
49 9 1
50 3 1
51 4 1
53 4 1
54 6 1
55 9 1
56 9 1
57 5 1
58 9 1
59 5 1
60 7 1
61 5 1
62 3 1
63 5 1
64 1 1
65 6 1
66 5 1
67 9 1
68 7 1
69 1 1
70 10 1
71 2 1
72 9 1
73 8 1
74 3 1
75 8 1
76 9 1
77 8 1
78 3 1
79 6 1
80 7 1
81 4 1
82 5 1
83 10 1
84 9 1
85 3 1
86 6 1
87 5 1
88 10 1
89 3 1
90 5 1
91 8 1
92 7 1
93 9 1
94 6 1
95 8 1
96 5 1
98 2 1
