100 9 2
101 4 2
102 1 2
103 1 2
104 9 2
105 1 2
106 1 2
107 7 2
108 9 2
109 3 2
110 3 2
112 6 2
113 3 2
115 9 2
116 9 2
117 4 2
118 9 2
119 6 2
120 10 2
121 10 2
122 3 2
123 8 2
124 10 2
125 4 2
126 2 2
127 6 2
128 6 2
129 8 2
130 6 2
131 6 2
132 10 2
133 9 2
134 8 2
136 8 2
137 5 2
138 4 2
139 4 2
140 1 2
141 2 2
142 10 2
143 7 2
144 9 2
145 7 2
146 6 2
147 7 2
148 4 2
149 3 2
150 5 2
151 8 2
152 3 2
153 1 2
154 6 2
155 3 2
156 2 2
157 8 2
158 5 2
159 2 2
160 7 2
162 2 2
163 7 2
164 6 2
165 3 2
166 6 2
167 8 2
168 -1 2
169 3 2
170 7 2
171 4 2
172 9 2
173 6 2
174 5 2
175 8 2
176 2 2
177 2 2
178 7 2
180 10 2
182 8 2
183 1 2
184 5 2
185 7 2
186 5 2
