100 10 2
101 9 2
102 4 2
103 7 2
104 6 2
105 4 2
106 7 2
107 1 2
108 6 2
109 8 2
110 5 2
111 4 2
112 8 2
113 5 2
114 2 2
115 1 2
116 7 2
117 9 2
118 6 2
119 4 2
120 6 2
121 7 2
122 4 2
123 9 2
124 4 2
125 9 2
126 4 2
127 4 2
128 6 2
130 1 2
131 2 2
132 9 2
133 9 2
134 7 2
135 9 2
136 10 2
137 7 2
138 5 2
139 1 2
140 2 2
141 8 2
142 2 2
143 5 2
144 5 2
145 8 2
146 6 2
147 6 2
148 8 2
149 5 2
150 6 2
151 5 2
152 8 2
153 8 2
154 10 2
155 4 2
156 4 2
157 7 2
158 5 2
159 1 2
160 3 2
161 3 2
162 9 2
163 7 2
164 6 2
165 4 2
166 3 2
167 9 2
168 1 2
169 5 2
170 7 2
171 3 2
172 8 2
173 9 2
174 3 2
175 9 2
176 9 2
177 6 2
178 9 2
179 10 2
180 3 2
181 1 2
182 4 2
183 8 2
184 1 2
185 3 2
186 4 2
