100 2 2
101 8 2
103 6 2
104 1 2
105 6 2
106 7 2
107 7 2
108 2 2
109 10 2
111 9 2
113 7 2
114 1 2
115 2 2
116 3 2
117 1 2
118 5 2
119 4 2
120 8 2
121 6 2
122 1 2
123 7 2
124 6 2
125 10 2
126 9 2
127 7 2
128 1 2
129 9 2
130 6 2
131 10 2
132 1 2
133 10 2
134 8 2
135 3 2
136 4 2
137 8 2
138 1 2
139 9 2
140 6 2
142 9 2
143 6 2
144 6 2
145 8 2
146 8 2
147 5 2
148 5 2
149 2 2
150 3 2
151 10 2
152 9 2
154 5 2
155 5 2
156 3 2
157 7 2
159 2 2
160 2 2
161 5 2
162 1 2
163 7 2
165 1 2
166 9 2
167 3 2
168 6 2
169 10 2
170 7 2
171 1 2
172 1 2
173 4 2
174 1 2
175 1 2
176 8 2
177 3 2
178 1 2
179 3 2
181 4 2
182 4 2
183 3 2
184 5 2
185 4 2
186 2 2
