100 10 2
101 8 2
102 5 2
103 2 2
104 4 2
105 7 2
106 1 2
107 8 2
108 8 2
109 7 2
110 5 2
111 8 2
112 6 2
113 1 2
114 1 2
115 4 2
116 7 2
117 10 2
118 4 2
119 4 2
120 10 2
121 4 2
122 2 2
123 6 2
124 1 2
125 1 2
126 1 2
127 8 2
128 1 2
129 1 2
130 1 2
131 3 2
132 8 2
133 7 2
134 4 2
135 4 2
136 2 2
137 4 2
138 5 2
139 3 2
140 3 2
141 6 2
142 2 2
143 8 2
144 4 2
145 2 2
146 6 2
147 4 2
149 6 2
150 10 2
151 3 2
152 7 2
153 3 2
154 1 2
155 8 2
156 8 2
157 2 2
158 1 2
159 7 2
160 10 2
161 6 2
162 4 2
163 7 2
164 10 2
165 4 2
166 8 2
167 8 2
168 7 2
169 4 2
170 4 2
171 3 2
172 6 2
173 7 2
174 6 2
175 2 2
176 7 2
177 7 2
178 3 2
179 9 2
180 4 2
181 8 2
182 10 2
183 2 2
184 1 2
185 4 2
186 2 2
