100 3 2
101 5 2
102 4 2
103 2 2
104 8 2
105 2 2
106 9 2
107 10 2
108 9 2
109 9 2
110 1 2
111 8 2
112 2 2
113 4 2
114 4 2
115 5 2
116 8 2
117 3 2
118 2 2
119 1 2
120 3 2
121 2 2
122 6 2
123 9 2
124 10 2
125 4 2
126 1 2
127 5 2
128 6 2
129 7 2
130 6 2
131 9 2
132 6 2
133 3 2
134 1 2
135 8 2
136 9 2
137 9 2
138 2 2
139 4 2
140 9 2
141 5 2
142 8 2
143 3 2
144 4 2
145 4 2
146 -1 2
147 7 2
148 4 2
149 7 2
150 6 2
151 3 2
152 1 2
153 5 2
154 6 2
155 3 2
156 2 2
157 10 2
158 10 2
159 8 2
161 10 2
162 4 2
163 9 2
164 6 2
165 7 2
166 1 2
167 4 2
168 5 2
169 6 2
170 2 2
172 3 2
173 8 2
174 6 2
175 8 2
176 10 2
177 4 2
179 2 2
180 6 2
181 7 2
182 5 2
183 2 2
184 5 2
185 7 2
186 3 2
