100 1 2
101 10 2
102 2 2
103 -1 2
104 6 2
105 5 2
106 7 2
107 2 2
108 9 2
109 9 2
110 2 2
111 8 2
112 1 2
113 9 2
114 10 2
115 10 2
116 1 2
117 5 2
118 7 2
119 3 2
120 2 2
121 3 2
122 3 2
123 6 2
124 6 2
125 3 2
126 5 2
127 2 2
128 6 2
129 4 2
130 1 2
131 8 2
132 5 2
133 9 2
134 10 2
135 8 2
136 6 2
137 10 2
138 3 2
139 2 2
140 4 2
141 2 2
142 6 2
143 8 2
144 8 2
145 10 2
146 1 2
147 10 2
148 10 2
149 5 2
150 10 2
151 3 2
152 2 2
153 1 2
155 4 2
156 7 2
157 7 2
158 9 2
159 6 2
160 7 2
161 8 2
162 2 2
163 4 2
164 3 2
165 8 2
166 2 2
167 10 2
168 8 2
169 3 2
170 7 2
171 3 2
172 7 2
173 1 2
174 9 2
175 6 2
176 1 2
177 2 2
178 10 2
179 5 2
180 1 2
181 7 2
182 9 2
183 1 2
184 10 2
185 7 2
186 4 2
