100 6 2
101 8 2
102 3 2
103 7 2
104 10 2
105 6 2
106 1 2
107 8 2
109 6 2
110 2 2
111 2 2
112 4 2
113 5 2
114 7 2
115 7 2
116 6 2
117 9 2
118 6 2
119 1 2
120 1 2
121 10 2
122 8 2
123 1 2
124 5 2
125 1 2
127 1 2
128 8 2
129 -1 2
130 4 2
131 5 2
132 5 2
133 3 2
134 5 2
135 10 2
136 2 2
137 2 2
138 7 2
139 2 2
140 5 2
141 5 2
142 2 2
143 3 2
144 10 2
145 4 2
146 3 2
147 2 2
148 4 2
149 8 2
150 10 2
151 6 2
152 10 2
153 1 2
154 10 2
155 5 2
156 6 2
157 4 2
158 10 2
159 3 2
160 2 2
161 3 2
162 4 2
163 4 2
164 7 2
165 9 2
166 3 2
167 10 2
168 2 2
169 4 2
170 1 2
171 7 2
172 10 2
173 3 2
174 3 2
175 10 2
176 4 2
177 1 2
178 4 2
179 10 2
180 5 2
181 8 2
182 4 2
183 7 2
185 10 2
186 5 2
