100 3 2
102 10 2
103 5 2
104 7 2
105 3 2
106 9 2
108 7 2
109 10 2
110 8 2
111 4 2
112 6 2
113 1 2
114 1 2
115 7 2
117 6 2
118 2 2
119 5 2
120 5 2
121 1 2
122 4 2
123 1 2
124 2 2
125 5 2
126 9 2
127 5 2
128 10 2
129 3 2
130 1 2
131 8 2
132 7 2
133 9 2
134 3 2
135 3 2
136 6 2
137 2 2
138 9 2
139 4 2
140 1 2
141 8 2
142 5 2
143 2 2
144 1 2
145 7 2
146 10 2
147 7 2
148 4 2
149 7 2
150 8 2
151 10 2
152 5 2
153 1 2
154 8 2
155 2 2
156 8 2
157 1 2
158 1 2
160 2 2
161 8 2
162 9 2
163 9 2
164 2 2
165 7 2
166 1 2
167 9 2
168 7 2
169 10 2
170 10 2
171 1 2
172 3 2
173 8 2
174 5 2
175 1 2
176 3 2
177 9 2
178 4 2
179 9 2
180 2 2
181 4 2
182 2 2
183 4 2
184 9 2
185 5 2
186 10 2
