100 9 2
101 1 2
102 1 2
103 1 2
104 1 2
105 8 2
106 9 2
107 1 2
108 1 2
109 9 2
110 3 2
111 1 2
112 10 2
113 5 2
114 5 2
115 7 2
116 5 2
117 10 2
118 8 2
119 10 2
120 7 2
121 3 2
122 10 2
123 5 2
124 6 2
125 6 2
126 10 2
128 9 2
129 9 2
130 7 2
131 8 2
132 5 2
133 8 2
134 6 2
135 10 2
136 1 2
137 9 2
138 2 2
139 10 2
140 2 2
141 1 2
142 8 2
143 4 2
144 1 2
145 10 2
146 9 2
147 2 2
148 2 2
150 7 2
151 5 2
152 2 2
153 3 2
154 6 2
155 6 2
156 1 2
157 6 2
158 7 2
159 3 2
160 1 2
161 1 2
162 5 2
164 9 2
165 7 2
166 9 2
167 7 2
168 5 2
169 2 2
170 9 2
171 9 2
172 10 2
174 7 2
175 5 2
176 8 2
177 7 2
178 1 2
179 2 2
180 7 2
181 4 2
182 4 2
184 6 2
186 3 2
