100 2 2
101 8 2
102 10 2
103 2 2
104 7 2
106 3 2
107 3 2
108 10 2
109 9 2
110 7 2
111 10 2
112 7 2
113 3 2
114 10 2
115 9 2
116 10 2
117 2 2
118 2 2
119 4 2
120 3 2
121 7 2
122 5 2
123 10 2
124 6 2
126 7 2
127 9 2
128 3 2
129 8 2
130 2 2
131 2 2
132 7 2
133 10 2
134 3 2
135 3 2
136 10 2
137 9 2
139 3 2
140 10 2
141 4 2
142 7 2
143 9 2
144 3 2
145 4 2
146 7 2
147 7 2
148 10 2
149 7 2
150 10 2
151 4 2
152 1 2
153 6 2
154 6 2
156 4 2
157 7 2
158 1 2
159 8 2
160 3 2
162 4 2
163 7 2
164 8 2
165 10 2
166 5 2
167 1 2
168 5 2
169 8 2
170 7 2
172 2 2
173 4 2
174 8 2
175 4 2
176 5 2
177 8 2
178 10 2
179 4 2
180 5 2
181 1 2
182 2 2
183 9 2
184 10 2
185 1 2
186 9 2
