188 7 3
189 10 3
190 9 3
191 1 3
192 8 3
193 10 3
194 8 3
195 5 3
196 9 3
197 2 3
198 8 3
199 4 3
200 4 3
201 5 3
202 2 3
203 8 3
204 10 3
205 9 3
206 1 3
207 9 3
208 4 3
209 10 3
210 4 3
211 2 3
212 6 3
213 6 3
214 2 3
215 1 3
216 5 3
217 6 3
218 9 3
219 1 3
220 7 3
221 8 3
222 10 3
223 1 3
224 10 3
225 6 3
226 9 3
227 8 3
228 4 3
229 2 3
230 1 3
231 10 3
232 9 3
233 6 3
234 10 3
235 9 3
236 6 3
237 2 3
238 2 3
239 5 3
240 2 3
241 3 3
242 9 3
243 10 3
244 3 3
245 3 3
246 2 3
248 7 3
249 8 3
250 2 3
251 7 3
252 1 3
253 7 3
254 1 3
255 1 3
256 2 3
257 5 3
258 8 3
259 9 3
260 5 3
261 1 3
262 8 3
263 1 3
264 7 3
265 7 3
266 2 3
267 8 3
268 4 3
269 10 3
270 3 3
