188 7 3
189 4 3
190 8 3
191 4 3
192 6 3
193 6 3
194 4 3
195 7 3
196 1 3
197 3 3
198 2 3
199 6 3
200 2 3
201 7 3
202 9 3
203 2 3
204 7 3
205 4 3
206 9 3
207 5 3
208 7 3
209 2 3
210 2 3
211 2 3
212 3 3
213 1 3
214 7 3
215 2 3
216 7 3
217 3 3
218 5 3
219 6 3
220 10 3
221 7 3
222 10 3
223 7 3
224 3 3
225 1 3
226 2 3
227 5 3
229 2 3
230 8 3
231 6 3
233 9 3
234 3 3
235 1 3
236 2 3
237 6 3
239 2 3
240 9 3
241 4 3
242 7 3
243 4 3
244 5 3
245 6 3
246 9 3
247 8 3
248 2 3
249 2 3
250 8 3
251 10 3
252 8 3
253 5 3
254 5 3
255 3 3
256 4 3
257 8 3
258 1 3
259 10 3
260 6 3
261 3 3
262 7 3
263 1 3
264 2 3
265 8 3
266 6 3
267 2 3
268 5 3
269 10 3
270 6 3
