188 9 3
189 3 3
190 5 3
191 5 3
192 10 3
193 5 3
194 3 3
195 6 3
196 9 3
197 1 3
198 1 3
199 2 3
200 6 3
201 7 3
202 10 3
203 9 3
204 7 3
205 9 3
206 4 3
207 4 3
208 5 3
209 10 3
210 3 3
211 6 3
212 5 3
213 5 3
214 9 3
215 6 3
216 1 3
217 10 3
218 4 3
219 3 3
220 6 3
221 10 3
222 7 3
223 3 3
224 7 3
225 1 3
226 7 3
227 4 3
228 7 3
229 2 3
230 9 3
231 -1 3
232 1 3
233 7 3
234 5 3
235 1 3
236 8 3
237 2 3
238 1 3
239 3 3
240 5 3
241 4 3
242 8 3
243 1 3
244 5 3
245 1 3
246 8 3
247 9 3
248 9 3
249 5 3
250 7 3
251 5 3
252 10 3
253 9 3
254 2 3
255 7 3
256 2 3
257 5 3
258 10 3
259 5 3
260 7 3
261 1 3
262 5 3
263 10 3
264 1 3
265 5 3
266 3 3
267 5 3
268 2 3
269 6 3
270 1 3
