188 2 3
189 1 3
190 10 3
191 9 3
192 1 3
193 6 3
194 8 3
195 8 3
196 9 3
198 1 3
199 9 3
200 1 3
202 1 3
203 3 3
204 4 3
205 7 3
206 2 3
207 2 3
208 2 3
209 5 3
210 3 3
211 1 3
212 2 3
213 7 3
214 4 3
215 7 3
216 8 3
217 7 3
218 8 3
219 10 3
220 7 3
221 3 3
222 7 3
223 1 3
224 2 3
225 8 3
226 4 3
227 7 3
228 7 3
229 9 3
230 7 3
231 5 3
232 5 3
233 3 3
234 4 3
235 9 3
236 4 3
237 4 3
238 4 3
239 1 3
240 2 3
241 9 3
242 10 3
243 5 3
244 6 3
245 8 3
246 4 3
247 3 3
248 8 3
249 5 3
250 4 3
251 5 3
252 6 3
253 2 3
254 8 3
255 7 3
256 10 3
257 1 3
258 10 3
259 6 3
260 4 3
261 9 3
262 6 3
263 9 3
264 2 3
265 8 3
266 9 3
267 10 3
268 9 3
269 3 3
270 3 3
