188 9 3
189 3 3
190 1 3
191 10 3
192 5 3
193 3 3
194 7 3
195 4 3
196 10 3
197 4 3
198 9 3
199 4 3
200 10 3
201 3 3
202 5 3
203 5 3
204 9 3
205 9 3
206 7 3
207 2 3
208 9 3
209 4 3
210 2 3
211 3 3
212 9 3
213 2 3
214 1 3
215 6 3
216 4 3
217 7 3
218 4 3
219 8 3
220 6 3
221 7 3
222 -1 3
223 8 3
224 4 3
225 4 3
226 5 3
227 9 3
228 7 3
229 5 3
230 3 3
231 4 3
232 10 3
233 2 3
234 2 3
235 7 3
236 2 3
237 8 3
238 10 3
239 10 3
240 5 3
241 2 3
242 4 3
243 2 3
244 10 3
245 6 3
246 6 3
247 8 3
248 3 3
250 4 3
251 8 3
252 10 3
253 4 3
254 7 3
255 8 3
256 8 3
258 2 3
259 1 3
260 9 3
261 7 3
262 3 3
263 9 3
264 7 3
265 7 3
266 7 3
267 7 3
268 2 3
269 5 3
270 8 3
