188 3 3
189 2 3
190 7 3
191 7 3
193 9 3
194 7 3
195 10 3
196 9 3
197 9 3
198 1 3
199 10 3
200 10 3
201 4 3
202 3 3
203 7 3
204 4 3
205 2 3
206 1 3
207 6 3
208 10 3
209 9 3
210 7 3
211 9 3
212 2 3
214 7 3
215 4 3
216 1 3
217 10 3
218 3 3
219 1 3
220 5 3
221 4 3
222 2 3
223 9 3
224 10 3
225 3 3
226 9 3
227 5 3
228 10 3
229 6 3
230 10 3
231 6 3
232 3 3
233 8 3
234 1 3
235 6 3
236 8 3
237 9 3
238 9 3
239 4 3
240 2 3
241 10 3
242 2 3
243 3 3
244 2 3
246 9 3
247 9 3
248 8 3
249 2 3
250 2 3
251 1 3
252 8 3
253 10 3
254 6 3
255 4 3
256 9 3
257 1 3
258 5 3
259 1 3
260 2 3
261 3 3
262 2 3
263 6 3
264 3 3
265 7 3
266 6 3
267 5 3
268 4 3
269 1 3
