188 7 3
189 2 3
190 5 3
191 3 3
192 6 3
193 7 3
194 5 3
195 7 3
196 7 3
197 7 3
199 3 3
200 9 3
201 3 3
202 4 3
203 9 3
204 6 3
205 1 3
206 1 3
207 6 3
208 3 3
209 8 3
210 3 3
211 6 3
212 8 3
213 5 3
214 8 3
215 4 3
216 4 3
217 6 3
218 6 3
219 3 3
220 6 3
221 8 3
222 9 3
223 2 3
225 6 3
226 10 3
227 8 3
228 10 3
229 9 3
230 9 3
231 6 3
232 7 3
233 1 3
234 5 3
235 6 3
237 5 3
238 3 3
239 6 3
240 2 3
241 7 3
242 5 3
243 6 3
244 10 3
245 2 3
246 5 3
247 4 3
248 4 3
249 4 3
250 4 3
251 10 3
252 8 3
253 7 3
254 6 3
255 2 3
256 10 3
257 9 3
258 2 3
259 9 3
260 2 3
261 7 3
262 6 3
264 7 3
265 5 3
266 7 3
267 2 3
268 3 3
269 2 3
270 10 3
