188 1 3
189 8 3
190 10 3
191 7 3
192 4 3
193 1 3
194 4 3
195 9 3
196 7 3
197 5 3
198 3 3
199 1 3
200 2 3
201 7 3
202 5 3
203 8 3
204 8 3
205 3 3
206 9 3
207 7 3
208 7 3
209 4 3
210 3 3
211 1 3
212 9 3
213 5 3
214 10 3
215 9 3
216 9 3
217 10 3
218 2 3
219 7 3
220 2 3
221 7 3
222 2 3
223 5 3
224 8 3
225 4 3
226 6 3
227 8 3
228 3 3
229 7 3
230 7 3
231 1 3
232 -1 3
233 5 3
234 4 3
235 4 3
236 8 3
237 3 3
238 9 3
239 10 3
240 10 3
241 4 3
242 6 3
243 1 3
244 3 3
245 6 3
246 3 3
247 9 3
248 2 3
249 1 3
250 3 3
251 6 3
252 7 3
253 4 3
254 7 3
255 10 3
256 7 3
257 4 3
258 3 3
259 1 3
260 9 3
261 1 3
262 9 3
263 8 3
264 2 3
265 10 3
266 7 3
267 1 3
268 7 3
269 1 3
270 7 3
