188 9 3
189 2 3
190 4 3
191 7 3
192 7 3
193 6 3
194 5 3
196 7 3
198 7 3
199 1 3
200 10 3
201 10 3
202 3 3
203 9 3
204 7 3
205 6 3
206 7 3
207 1 3
208 6 3
209 3 3
210 6 3
211 9 3
212 7 3
214 5 3
215 5 3
216 6 3
217 8 3
218 8 3
219 6 3
220 4 3
222 4 3
223 3 3
224 3 3
225 3 3
226 5 3
227 4 3
228 5 3
229 2 3
230 7 3
231 5 3
232 1 3
233 2 3
234 3 3
235 7 3
236 6 3
237 1 3
238 10 3
239 7 3
240 6 3
241 10 3
243 3 3
244 10 3
245 1 3
247 8 3
248 5 3
249 7 3
250 6 3
251 6 3
252 9 3
253 4 3
254 7 3
255 2 3
256 3 3
257 -1 3
258 6 3
259 4 3
260 4 3
261 1 3
262 2 3
263 6 3
264 5 3
265 3 3
266 5 3
267 9 3
268 5 3
269 2 3
270 10 3
