188 9 3
189 1 3
190 9 3
191 3 3
192 4 3
193 1 3
194 4 3
195 5 3
196 6 3
197 4 3
198 10 3
199 7 3
200 7 3
202 4 3
203 9 3
204 7 3
205 8 3
206 6 3
207 6 3
208 5 3
209 10 3
210 6 3
211 2 3
212 7 3
213 1 3
214 6 3
215 8 3
216 3 3
217 9 3
218 9 3
219 6 3
220 7 3
221 4 3
222 2 3
223 1 3
224 7 3
225 1 3
226 5 3
227 6 3
228 3 3
229 1 3
230 2 3
231 3 3
232 5 3
233 7 3
234 3 3
235 4 3
236 8 3
237 10 3
238 8 3
239 9 3
240 8 3
241 2 3
242 4 3
243 10 3
244 6 3
245 10 3
246 10 3
247 3 3
248 8 3
249 4 3
250 10 3
251 1 3
252 8 3
253 3 3
254 1 3
255 1 3
257 1 3
258 2 3
259 10 3
260 7 3
261 7 3
262 7 3
263 1 3
264 10 3
265 7 3
266 7 3
268 9 3
269 9 3
270 5 3
