272 4 4
273 3 4
274 1 4
275 5 4
276 5 4
277 6 4
278 2 4
279 3 4
280 5 4
281 1 4
282 8 4
283 6 4
284 9 4
285 3 4
286 10 4
287 2 4
288 3 4
289 10 4
290 7 4
291 3 4
292 2 4
293 1 4
294 3 4
295 5 4
296 1 4
297 10 4
298 5 4
299 8 4
300 2 4
301 5 4
303 6 4
304 2 4
305 10 4
306 2 4
307 7 4
308 3 4
310 5 4
311 1 4
312 2 4
313 10 4
314 6 4
316 8 4
317 10 4
318 3 4
319 3 4
320 4 4
321 2 4
322 3 4
323 8 4
324 5 4
325 5 4
326 3 4
327 9 4
329 9 4
330 2 4
332 1 4
333 8 4
334 4 4
335 5 4
336 2 4
337 1 4
338 8 4
339 2 4
340 1 4
341 7 4
342 6 4
343 10 4
344 5 4
345 7 4
346 5 4
347 7 4
348 8 4
349 9 4
350 6 4
352 2 4
353 6 4
354 1 4
355 7 4
356 2 4
357 10 4
360 2 4
361 4 4
