272 1 4
273 1 4
274 2 4
275 2 4
276 3 4
277 2 4
278 3 4
279 4 4
281 7 4
282 5 4
283 10 4
284 2 4
285 1 4
286 5 4
287 9 4
288 7 4
289 7 4
290 3 4
291 7 4
292 4 4
293 7 4
294 1 4
295 10 4
296 4 4
297 3 4
298 4 4
299 1 4
300 2 4
301 4 4
302 8 4
303 6 4
304 8 4
305 10 4
306 9 4
307 8 4
308 7 4
309 2 4
310 8 4
311 8 4
312 7 4
313 9 4
314 10 4
315 7 4
316 6 4
317 5 4
318 9 4
319 10 4
320 4 4
321 5 4
322 9 4
323 6 4
324 10 4
325 9 4
326 2 4
327 5 4
328 1 4
329 1 4
330 4 4
331 10 4
332 1 4
333 4 4
334 10 4
335 1 4
336 8 4
339 3 4
340 7 4
341 3 4
342 6 4
343 2 4
344 2 4
345 4 4
346 7 4
347 6 4
348 2 4
349 1 4
350 1 4
351 3 4
352 9 4
353 6 4
354 3 4
355 7 4
356 3 4
357 7 4
358 2 4
359 6 4
360 -1 4
361 4 4
