272 6 4
273 4 4
274 2 4
275 3 4
276 2 4
277 1 4
278 7 4
279 9 4
280 6 4
281 7 4
282 4 4
283 2 4
284 3 4
285 1 4
286 3 4
287 8 4
288 2 4
289 1 4
290 1 4
291 9 4
292 6 4
293 3 4
294 3 4
295 5 4
296 1 4
297 10 4
298 2 4
299 1 4
300 2 4
301 6 4
302 9 4
303 1 4
304 7 4
305 7 4
306 10 4
307 1 4
308 4 4
309 5 4
310 2 4
311 9 4
312 2 4
313 6 4
314 7 4
315 9 4
316 9 4
317 1 4
318 -1 4
319 3 4
320 10 4
321 2 4
322 1 4
323 9 4
324 1 4
325 5 4
326 6 4
327 4 4
328 1 4
329 6 4
330 5 4
331 8 4
332 1 4
333 2 4
334 7 4
335 1 4
336 2 4
337 4 4
338 8 4
339 10 4
340 5 4
341 8 4
342 8 4
343 4 4
344 4 4
345 5 4
346 3 4
347 9 4
348 5 4
349 6 4
350 4 4
351 6 4
352 10 4
353 10 4
354 2 4
355 9 4
356 2 4
357 1 4
358 1 4
359 3 4
360 8 4
361 1 4
