272 10 4
273 1 4
274 3 4
275 5 4
276 5 4
277 2 4
278 2 4
279 3 4
280 5 4
281 9 4
282 8 4
283 8 4
284 4 4
285 4 4
286 4 4
287 6 4
288 1 4
289 2 4
290 4 4
291 4 4
292 8 4
293 6 4
294 5 4
295 6 4
296 2 4
297 6 4
298 10 4
299 3 4
300 7 4
301 6 4
302 5 4
303 2 4
304 5 4
305 9 4
306 8 4
307 2 4
308 9 4
309 2 4
310 3 4
311 7 4
312 8 4
313 5 4
314 6 4
315 8 4
316 5 4
317 1 4
318 7 4
319 7 4
320 4 4
321 10 4
322 1 4
323 6 4
324 5 4
325 3 4
326 6 4
327 5 4
328 10 4
329 3 4
330 7 4
331 1 4
332 5 4
333 7 4
334 9 4
335 3 4
336 3 4
337 8 4
338 6 4
339 4 4
340 3 4
341 2 4
342 10 4
343 5 4
344 3 4
345 1 4
346 3 4
347 10 4
348 7 4
349 10 4
350 3 4
351 3 4
352 3 4
353 7 4
354 9 4
355 10 4
356 8 4
357 3 4
358 5 4
359 2 4
360 6 4
361 9 4
