272 6 4
273 10 4
274 1 4
275 7 4
277 6 4
278 6 4
279 6 4
280 10 4
281 5 4
282 2 4
283 7 4
284 8 4
285 1 4
286 2 4
287 2 4
288 2 4
289 5 4
290 6 4
291 9 4
292 10 4
293 2 4
294 4 4
295 6 4
296 4 4
297 10 4
298 2 4
299 5 4
300 4 4
301 6 4
302 6 4
303 9 4
304 10 4
306 10 4
307 3 4
308 8 4
309 9 4
310 4 4
311 4 4
312 5 4
313 9 4
314 6 4
315 7 4
316 2 4
319 1 4
320 10 4
321 6 4
322 8 4
323 10 4
324 3 4
325 9 4
326 5 4
328 8 4
329 6 4
330 10 4
331 3 4
332 10 4
333 5 4
334 9 4
335 10 4
336 4 4
337 5 4
338 6 4
339 5 4
340 7 4
342 1 4
345 8 4
346 10 4
347 3 4
348 4 4
349 7 4
350 8 4
351 3 4
353 1 4
354 10 4
355 6 4
356 4 4
357 3 4
358 6 4
359 1 4
360 1 4
361 10 4
