272 10 4
273 10 4
274 1 4
275 4 4
276 10 4
277 9 4
278 10 4
279 3 4
280 6 4
281 5 4
282 10 4
283 5 4
284 8 4
285 2 4
286 3 4
287 2 4
288 8 4
289 7 4
290 8 4
291 2 4
292 2 4
293 3 4
294 8 4
295 5 4
296 5 4
297 9 4
298 3 4
299 9 4
300 7 4
301 10 4
302 10 4
303 8 4
304 10 4
305 4 4
306 8 4
307 1 4
308 10 4
309 2 4
310 8 4
311 4 4
312 7 4
313 5 4
314 10 4
315 3 4
316 9 4
317 3 4
318 6 4
319 1 4
320 6 4
321 10 4
322 3 4
323 8 4
324 9 4
325 1 4
326 8 4
327 5 4
328 7 4
329 1 4
330 3 4
331 8 4
332 4 4
333 5 4
334 7 4
335 3 4
336 3 4
337 10 4
338 4 4
339 2 4
340 2 4
341 6 4
342 3 4
343 3 4
344 2 4
345 7 4
346 3 4
347 2 4
348 1 4
349 7 4
350 7 4
351 4 4
352 7 4
353 8 4
354 6 4
355 1 4
356 1 4
357 9 4
358 5 4
359 5 4
360 3 4
361 -1 4
