272 3 4
273 2 4
274 1 4
277 4 4
278 7 4
279 5 4
280 8 4
281 5 4
282 1 4
283 5 4
284 4 4
285 1 4
286 9 4
287 9 4
289 8 4
290 3 4
291 6 4
292 9 4
293 6 4
294 7 4
295 9 4
296 3 4
298 3 4
299 4 4
300 9 4
301 6 4
302 1 4
303 10 4
304 2 4
305 7 4
306 9 4
308 5 4
309 4 4
310 2 4
311 6 4
312 7 4
313 4 4
314 6 4
315 7 4
316 7 4
317 3 4
318 10 4
319 3 4
320 1 4
321 2 4
322 9 4
323 8 4
324 8 4
325 1 4
326 1 4
327 3 4
328 8 4
329 1 4
330 5 4
331 1 4
332 4 4
333 5 4
334 8 4
335 2 4
336 7 4
337 4 4
338 8 4
339 2 4
340 5 4
341 6 4
342 5 4
343 6 4
344 5 4
345 6 4
346 8 4
347 8 4
348 8 4
349 10 4
350 6 4
351 -1 4
352 1 4
353 10 4
354 4 4
355 7 4
356 9 4
357 9 4
358 8 4
359 9 4
360 2 4
361 4 4
