272 5 4
273 3 4
274 1 4
275 5 4
276 10 4
277 9 4
278 7 4
279 3 4
280 2 4
281 5 4
282 6 4
283 10 4
284 -1 4
285 3 4
286 7 4
287 7 4
288 4 4
289 2 4
290 9 4
291 4 4
292 8 4
293 5 4
294 10 4
295 6 4
296 4 4
297 7 4
298 5 4
299 1 4
300 4 4
301 5 4
302 5 4
303 3 4
304 9 4
305 9 4
306 7 4
307 9 4
308 5 4
309 1 4
310 8 4
311 2 4
312 4 4
313 5 4
314 8 4
315 10 4
316 10 4
317 9 4
319 7 4
320 7 4
321 7 4
322 6 4
323 10 4
324 2 4
325 6 4
326 1 4
327 6 4
328 5 4
329 8 4
330 10 4
331 3 4
332 4 4
333 8 4
334 4 4
335 4 4
338 10 4
339 9 4
340 5 4
341 1 4
342 1 4
343 6 4
344 1 4
345 10 4
346 10 4
347 7 4
348 1 4
349 5 4
351 6 4
352 3 4
353 2 4
355 10 4
356 9 4
357 3 4
358 4 4
359 3 4
360 7 4
361 1 4
