272 7 4
273 5 4
274 2 4
275 8 4
276 1 4
277 9 4
278 8 4
279 2 4
280 2 4
281 4 4
282 10 4
283 4 4
284 9 4
285 7 4
286 4 4
287 6 4
288 1 4
289 1 4
290 8 4
291 6 4
292 9 4
293 9 4
294 3 4
295 1 4
296 6 4
297 2 4
298 2 4
299 10 4
300 7 4
301 -1 4
302 8 4
303 3 4
304 5 4
305 5 4
306 2 4
307 1 4
308 4 4
309 9 4
310 10 4
311 3 4
312 8 4
313 9 4
314 6 4
315 7 4
316 9 4
317 2 4
318 10 4
319 4 4
320 7 4
321 2 4
322 1 4
323 2 4
324 5 4
325 7 4
326 5 4
327 8 4
328 1 4
329 5 4
330 1 4
331 10 4
332 4 4
333 7 4
334 2 4
335 5 4
336 10 4
337 8 4
338 1 4
339 5 4
340 8 4
341 5 4
342 1 4
343 10 4
344 8 4
345 9 4
346 7 4
347 6 4
348 2 4
349 5 4
350 8 4
351 6 4
352 5 4
353 6 4
354 6 4
355 7 4
356 6 4
357 6 4
358 5 4
359 1 4
360 1 4
361 2 4
