272 8 4
273 1 4
274 3 4
275 2 4
276 10 4
277 3 4
278 10 4
279 6 4
280 6 4
281 7 4
282 7 4
283 10 4
284 1 4
285 7 4
286 7 4
287 3 4
288 3 4
289 8 4
290 2 4
291 3 4
292 7 4
293 8 4
294 9 4
295 1 4
297 7 4
299 3 4
300 6 4
301 10 4
302 2 4
303 10 4
304 7 4
305 8 4
306 8 4
307 8 4
308 2 4
309 6 4
310 7 4
311 6 4
312 6 4
313 1 4
314 3 4
316 5 4
317 4 4
318 6 4
319 4 4
320 7 4
321 9 4
322 9 4
323 1 4
324 5 4
325 10 4
326 8 4
327 6 4
328 8 4
329 8 4
330 4 4
332 4 4
333 4 4
334 7 4
335 4 4
336 10 4
337 3 4
338 4 4
339 -1 4
340 2 4
341 2 4
342 9 4
343 6 4
344 7 4
345 6 4
346 3 4
347 1 4
348 9 4
349 10 4
350 10 4
351 10 4
352 6 4
353 5 4
354 6 4
355 9 4
356 5 4
357 4 4
358 2 4
359 1 4
360 5 4
361 7 4
