363 7 5
364 2 5
365 5 5
366 1 5
367 4 5
368 3 5
369 2 5
370 9 5
371 8 5
372 8 5
373 10 5
374 8 5
375 7 5
376 4 5
377 3 5
378 6 5
379 6 5
380 5 5
381 5 5
382 2 5
383 7 5
385 5 5
387 6 5
388 3 5
390 10 5
391 7 5
392 3 5
393 10 5
394 8 5
395 6 5
396 4 5
397 5 5
398 7 5
399 9 5
400 3 5
401 3 5
402 7 5
404 2 5
405 1 5
406 7 5
407 6 5
408 2 5
409 8 5
410 8 5
411 5 5
412 6 5
413 2 5
414 8 5
415 7 5
416 4 5
417 5 5
418 1 5
419 7 5
420 1 5
421 2 5
422 9 5
424 10 5
425 4 5
426 2 5
427 9 5
428 3 5
429 1 5
430 4 5
432 4 5
433 8 5
434 6 5
435 2 5
436 4 5
437 3 5
438 7 5
439 6 5
440 1 5
441 5 5
442 8 5
444 3 5
446 5 5
447 7 5
448 1 5
449 4 5
450 3 5
451 2 5
