363 5 5
364 7 5
365 4 5
366 9 5
367 9 5
368 4 5
369 3 5
370 4 5
372 8 5
373 2 5
374 1 5
375 10 5
376 3 5
377 10 5
378 2 5
379 9 5
380 5 5
381 9 5
382 10 5
383 1 5
384 5 5
385 3 5
386 8 5
387 5 5
388 4 5
390 6 5
391 2 5
392 5 5
393 2 5
394 5 5
395 7 5
396 7 5
398 2 5
399 6 5
400 6 5
401 6 5
402 2 5
403 10 5
404 1 5
405 3 5
406 9 5
407 3 5
408 4 5
411 6 5
412 10 5
413 8 5
414 7 5
415 5 5
416 9 5
417 8 5
418 8 5
419 4 5
421 2 5
422 3 5
423 6 5
424 1 5
425 9 5
426 4 5
427 1 5
428 -1 5
429 8 5
430 9 5
431 9 5
432 10 5
433 3 5
434 6 5
435 6 5
436 5 5
437 8 5
438 6 5
439 10 5
440 6 5
441 5 5
442 8 5
443 3 5
445 9 5
446 10 5
447 1 5
448 3 5
450 6 5
451 6 5
