363 3 5
364 1 5
365 6 5
366 2 5
367 6 5
368 6 5
369 4 5
370 8 5
371 3 5
372 8 5
373 5 5
374 3 5
375 7 5
376 1 5
377 8 5
379 2 5
380 3 5
381 8 5
382 4 5
383 9 5
384 1 5
385 2 5
386 8 5
387 1 5
388 10 5
389 5 5
390 1 5
391 1 5
392 8 5
393 8 5
394 3 5
395 5 5
397 7 5
398 10 5
399 3 5
400 6 5
402 5 5
403 8 5
404 10 5
405 7 5
406 2 5
407 7 5
408 1 5
409 5 5
410 8 5
411 3 5
412 7 5
413 1 5
414 2 5
415 10 5
416 3 5
417 7 5
418 1 5
420 5 5
421 9 5
422 2 5
423 9 5
424 4 5
425 2 5
426 8 5
427 3 5
428 9 5
429 8 5
430 8 5
431 7 5
433 3 5
434 3 5
437 7 5
438 1 5
439 9 5
440 6 5
441 5 5
442 8 5
443 3 5
444 10 5
445 3 5
446 2 5
447 8 5
448 5 5
449 5 5
450 3 5
451 9 5
