363 8 5
364 1 5
365 4 5
366 3 5
367 8 5
368 9 5
369 2 5
370 4 5
371 7 5
372 10 5
373 7 5
374 8 5
375 9 5
376 9 5
377 4 5
378 9 5
379 1 5
380 8 5
381 8 5
382 7 5
384 7 5
385 3 5
386 10 5
387 10 5
388 4 5
389 8 5
390 3 5
391 9 5
392 4 5
393 3 5
394 1 5
395 7 5
396 7 5
397 9 5
398 3 5
399 3 5
400 8 5
401 7 5
402 1 5
403 8 5
404 9 5
405 4 5
406 9 5
407 10 5
408 7 5
409 6 5
410 4 5
411 10 5
412 5 5
413 9 5
414 3 5
415 10 5
416 10 5
417 8 5
418 5 5
419 6 5
420 8 5
421 3 5
422 1 5
423 10 5
424 3 5
425 8 5
426 5 5
427 2 5
428 7 5
429 5 5
430 8 5
431 2 5
432 1 5
433 4 5
434 2 5
435 3 5
436 10 5
437 6 5
438 3 5
439 1 5
440 3 5
441 6 5
442 3 5
443 9 5
444 8 5
445 8 5
446 -1 5
447 9 5
448 1 5
449 7 5
450 7 5
451 7 5
