363 8 5
364 4 5
365 4 5
366 4 5
367 3 5
368 1 5
369 10 5
370 8 5
371 7 5
372 1 5
373 4 5
374 4 5
375 4 5
376 6 5
377 7 5
378 2 5
379 10 5
380 1 5
381 3 5
382 2 5
383 8 5
384 5 5
385 8 5
386 8 5
387 8 5
388 9 5
389 8 5
390 3 5
391 3 5
392 1 5
393 4 5
394 6 5
396 4 5
397 7 5
398 7 5
399 3 5
400 8 5
401 1 5
402 7 5
403 9 5
404 4 5
405 8 5
406 5 5
407 8 5
408 9 5
409 10 5
410 6 5
411 3 5
412 4 5
413 8 5
414 4 5
415 5 5
416 8 5
417 6 5
418 5 5
419 1 5
420 9 5
421 10 5
422 3 5
423 2 5
424 4 5
425 4 5
426 6 5
427 8 5
428 5 5
429 8 5
430 5 5
431 1 5
432 4 5
433 1 5
434 2 5
435 9 5
436 10 5
437 2 5
438 6 5
439 2 5
440 6 5
441 8 5
442 8 5
443 1 5
444 7 5
445 9 5
446 10 5
447 5 5
448 3 5
449 -1 5
450 7 5
451 9 5
