363 9 5
364 7 5
365 10 5
366 4 5
367 8 5
368 8 5
369 5 5
370 10 5
371 1 5
372 2 5
373 9 5
374 2 5
375 3 5
376 1 5
377 1 5
378 6 5
379 10 5
380 4 5
382 1 5
383 10 5
384 6 5
385 6 5
386 4 5
387 3 5
388 2 5
389 4 5
390 3 5
391 10 5
392 7 5
394 6 5
395 8 5
396 1 5
397 4 5
398 8 5
399 10 5
400 9 5
401 6 5
402 8 5
403 6 5
404 7 5
405 10 5
406 4 5
407 9 5
408 5 5
409 7 5
410 4 5
411 4 5
412 8 5
413 2 5
414 8 5
415 10 5
416 7 5
417 7 5
418 4 5
419 8 5
420 8 5
421 3 5
422 2 5
423 1 5
424 9 5
425 1 5
426 10 5
427 7 5
428 3 5
429 3 5
430 3 5
431 10 5
432 9 5
433 5 5
434 10 5
435 8 5
436 1 5
437 2 5
438 7 5
439 5 5
440 3 5
441 1 5
442 5 5
443 5 5
444 4 5
445 7 5
446 1 5
447 3 5
448 9 5
449 7 5
450 8 5
451 9 5
