363 9 5
364 9 5
365 10 5
366 6 5
367 9 5
368 8 5
369 7 5
370 1 5
371 9 5
372 6 5
373 4 5
374 7 5
375 4 5
376 9 5
377 6 5
378 9 5
379 5 5
380 9 5
381 3 5
382 3 5
383 -1 5
384 2 5
385 9 5
386 10 5
387 6 5
388 2 5
389 10 5
390 7 5
392 8 5
393 8 5
394 5 5
395 7 5
396 8 5
397 8 5
398 6 5
400 10 5
401 2 5
402 5 5
403 4 5
404 3 5
405 5 5
406 9 5
407 9 5
408 6 5
409 10 5
410 6 5
411 7 5
412 8 5
413 9 5
414 5 5
415 4 5
416 8 5
417 7 5
418 7 5
419 6 5
420 7 5
421 5 5
422 5 5
423 9 5
424 8 5
425 1 5
426 3 5
427 6 5
428 4 5
429 6 5
430 5 5
431 9 5
432 8 5
433 7 5
434 6 5
435 1 5
436 8 5
437 2 5
438 8 5
439 5 5
440 3 5
441 2 5
442 9 5
443 2 5
444 10 5
445 4 5
446 4 5
447 6 5
448 3 5
449 1 5
450 3 5
451 9 5
