363 2 5
364 2 5
365 3 5
366 9 5
367 6 5
368 1 5
369 4 5
370 5 5
371 6 5
372 9 5
373 2 5
374 2 5
375 2 5
376 2 5
377 6 5
378 7 5
379 9 5
380 4 5
381 6 5
382 8 5
383 5 5
384 3 5
385 2 5
386 5 5
387 9 5
388 4 5
389 4 5
390 1 5
391 4 5
392 7 5
393 10 5
394 4 5
395 5 5
396 1 5
397 3 5
398 2 5
399 5 5
400 2 5
401 5 5
402 8 5
403 1 5
404 1 5
405 9 5
406 8 5
407 4 5
408 5 5
409 7 5
410 2 5
411 10 5
412 3 5
413 7 5
414 5 5
415 8 5
416 9 5
417 3 5
418 6 5
419 10 5
420 1 5
421 3 5
422 9 5
423 4 5
424 10 5
425 10 5
426 5 5
427 7 5
428 2 5
429 7 5
430 2 5
432 6 5
433 3 5
434 1 5
435 3 5
436 4 5
437 5 5
438 2 5
439 5 5
440 4 5
441 5 5
442 6 5
443 2 5
444 10 5
445 10 5
446 3 5
447 9 5
448 3 5
449 10 5
450 1 5
451 8 5
