363 4 5
364 -1 5
365 9 5
366 8 5
367 6 5
368 3 5
369 2 5
370 1 5
371 7 5
372 3 5
373 9 5
374 2 5
375 6 5
376 1 5
377 8 5
378 5 5
379 1 5
380 5 5
381 3 5
382 7 5
383 9 5
384 6 5
385 6 5
386 9 5
388 1 5
389 9 5
390 5 5
391 1 5
392 4 5
393 9 5
394 2 5
395 3 5
396 9 5
397 2 5
398 9 5
399 7 5
400 7 5
401 3 5
402 9 5
403 7 5
404 5 5
405 3 5
406 2 5
407 9 5
408 2 5
409 3 5
411 5 5
412 7 5
413 2 5
414 3 5
415 8 5
416 10 5
417 4 5
418 8 5
419 1 5
420 8 5
421 10 5
422 6 5
423 10 5
424 3 5
425 2 5
426 10 5
427 5 5
428 5 5
429 4 5
430 9 5
431 10 5
432 8 5
433 3 5
434 3 5
435 10 5
436 8 5
437 10 5
438 5 5
439 10 5
440 2 5
441 7 5
442 9 5
443 7 5
444 6 5
445 5 5
446 2 5
448 7 5
450 2 5
451 8 5
