363 9 5
364 4 5
365 3 5
366 2 5
367 3 5
368 10 5
369 2 5
370 6 5
371 1 5
372 7 5
373 2 5
374 10 5
375 9 5
376 9 5
377 5 5
378 6 5
379 10 5
380 2 5
381 2 5
382 9 5
383 3 5
384 3 5
385 7 5
386 9 5
387 6 5
388 10 5
389 9 5
390 2 5
391 8 5
392 9 5
393 4 5
394 1 5
395 9 5
396 2 5
397 2 5
398 6 5
399 3 5
400 7 5
401 1 5
402 7 5
403 2 5
404 8 5
405 5 5
406 5 5
407 1 5
408 7 5
409 5 5
410 2 5
411 2 5
412 7 5
413 5 5
414 4 5
415 10 5
416 10 5
417 8 5
418 4 5
419 3 5
420 2 5
421 4 5
422 2 5
423 9 5
424 10 5
425 3 5
426 4 5
427 2 5
428 6 5
429 8 5
430 5 5
431 5 5
432 8 5
433 2 5
434 9 5
435 1 5
436 5 5
437 4 5
438 1 5
439 6 5
440 4 5
441 3 5
442 7 5
443 6 5
444 5 5
445 4 5
446 8 5
447 10 5
448 9 5
449 7 5
450 4 5
451 4 5
