102 83
88 76
416 74
21 73
201 73
290 73
296 72
163 72
386 71
87 71
172 71
375 70
26 70
39 70
238 70
257 70
276 70
368 69
423 69
24 69
264 69
292 69
156 69
357 68
381 68
288 68
305 68
168 68
370 67
7 67
25 67
33 67
203 67
225 67
279 67
385 66
412 66
44 66
69 66
216 66
222 66
320 66
112 66
361 65
392 65
403 65
12 65
38 65
56 65
72 65
78 65
80 65
103 65
104 65
130 65
374 64
19 64
50 64
54 64
86 64
354 63
17 63
178 63
241 63
250 63
260 63
283 63
127 63
353 62
373 62
239 62
243 62
298 62
99 62
115 62
421 61
2 61
29 61
40 61
195 61
256 61
271 61
286 61
339 61
133 61
359 60
366 60
393 60
395 60
417 60
13 60
42 60
59 60
252 60
313 60
337 60
141 60
358 59
377 59
415 59
20 59
192 59
249 59
275 59
299 59
324 59
327 59
119 59
171 59
362 58
371 58
394 58
422 58
9 58
65 58
82 58
227 58
261 58
142 58
273 58
281 58
345 58
116 58
131 58
136 58
161 58
365 57
10 57
23 57
31 57
35 57
77 57
84 57
89 57
93 57
221 57
186 57
223 57
244 57
132 57
289 57
315 57
322 57
155 57
384 56
400 56
420 56
6 56
37 56
61 56
198 56
200 56
330 56
333 56
106 56
110 56
118 56
154 56
414 55
30 55
83 55
189 55
207 55
208 55
259 55
265 55
310 55
323 55
343 55
108 55
140 55
147 55
376 54
379 54
388 54
404 54
32 54
34 54
47 54
51 54
68 54
181 54
193 54
247 54
254 54
258 54
105 54
269 54
274 54
278 54
342 54
344 54
158 54
159 54
167 54
363 53
390 53
402 53
425 53
4 53
27 53
57 53
229 53
101 53
301 53
325 53
111 53
149 53
164 53
166 53
170 53
175 53
399 52
405 52
406 52
409 52
16 52
28 52
52 52
71 52
237 52
204 52
230 52
268 52
300 52
318 52
338 52
117 52
150 52
369 51
396 51
413 51
430 51
48 51
53 51
60 51
179 51
235 51
285 51
306 51
321 51
328 51
165 51
173 51
356 50
367 50
380 50
407 50
418 50
46 50
90 50
180 50
182 50
183 50
185 50
190 50
214 50
240 50
303 50
307 50
123 50
129 50
350 49
411 49
18 49
63 49
199 49
205 49
206 49
220 49
245 49
263 49
280 49
282 49
302 49
317 49
319 49
326 49
97 49
125 49
126 49
351 48
355 48
360 48
372 48
151 48
11 48
43 48
49 48
210 48
184 48
191 48
209 48
213 48
215 48
233 48
262 48
295 48
122 48
146 48
169 48
349 47
389 47
410 47
91 47
202 47
236 47
251 47
284 47
287 47
294 47
297 47
316 47
341 47
100 47
160 47
387 46
398 46
401 46
424 46
73 46
79 46
81 46
85 46
188 46
219 46
226 46
293 46
309 46
311 46
98 46
109 46
148 46
383 45
429 45
55 45
74 45
217 45
197 45
234 45
242 45
312 45
336 45
120 45
144 45
92 44
3 44
14 44
253 44
314 44
332 44
334 44
335 44
36 43
45 43
58 43
62 43
291 43
340 43
107 43
176 43
391 42
397 42
426 42
64 42
255 42
187 42
211 42
228 42
270 42
308 42
134 42
138 42
174 42
382 41
67 41
194 41
22 40
41 40
212 40
272 40
364 39
96 39
128 39
162 39
408 38
427 38
8 38
66 38
347 38
137 38
419 37
76 37
70 36
143 36
113 36
352 35
346 35
152 35
1 33
329 33
114 33
428 31
277 31
121 31
218 30
124 29
145 29
5 24



102 83
88 76
416 74
21 73
201 73
290 73
296 72
163 72
87 71
386 71
172 71
26 70
39 70
375 70
276 70
238 70
257 70
24 69
423 69
368 69
292 69
264 69
156 69
357 68
381 68
288 68
305 68
168 68
7 67
25 67
33 67
370 67
203 67
225 67
279 67
44 66
69 66
385 66
412 66
216 66
222 66
320 66
112 66
12 65
38 65
56 65
72 65
78 65
80 65
103 65
361 65
392 65
403 65
104 65
130 65
19 64
50 64
54 64
86 64
374 64
17 63
354 63
178 63
283 63
241 63
250 63
260 63
127 63
353 62
373 62
298 62
243 62
239 62
99 62
115 62
2 61
29 61
40 61
421 61
195 61
286 61
271 61
256 61
339 61
133 61
13 60
42 60
59 60
359 60
366 60
393 60
395 60
417 60
313 60
337 60
252 60
141 60
20 59
358 59
377 59
415 59
192 59
275 59
299 59
249 59
324 59
327 59
119 59
171 59
394 58
9 58
65 58
82 58
362 58
371 58
142 58
422 58
273 58
281 58
227 58
261 58
345 58
116 58
131 58
136 58
161 58
10 57
23 57
35 57
31 57
77 57
84 57
89 57
93 57
365 57
132 57
186 57
221 57
289 57
223 57
315 57
322 57
244 57
155 57
6 56
61 56
37 56
384 56
400 56
420 56
200 56
198 56
330 56
333 56
106 56
110 56
118 56
154 56
30 55
83 55
414 55
189 55
208 55
323 55
265 55
207 55
343 55
259 55
310 55
108 55
140 55
147 55
388 54
34 54
47 54
32 54
51 54
68 54
258 54
105 54
376 54
379 54
404 54
181 54
193 54
269 54
274 54
278 54
247 54
254 54
342 54
344 54
158 54
159 54
167 54
4 53
27 53
57 53
101 53
390 53
402 53
363 53
425 53
229 53
301 53
325 53
111 53
149 53
164 53
166 53
170 53
175 53
16 52
28 52
52 52
71 52
399 52
405 52
406 52
409 52
204 52
230 52
300 52
237 52
268 52
318 52
338 52
117 52
150 52
48 51
60 51
53 51
235 51
369 51
396 51
413 51
430 51
179 51
285 51
306 51
321 51
328 51
173 51
165 51
356 50
46 50
90 50
367 50
380 50
407 50
418 50
180 50
183 50
182 50
185 50
190 50
303 50
240 50
214 50
307 50
123 50
129 50
18 49
63 49
350 49
411 49
199 49
205 49
206 49
280 49
282 49
220 49
302 49
245 49
317 49
319 49
263 49
326 49
97 49
125 49
126 49
11 48
43 48
49 48
209 48
151 48
351 48
355 48
372 48
360 48
184 48
191 48
210 48
213 48
215 48
295 48
233 48
262 48
122 48
146 48
169 48
389 47
91 47
349 47
410 47
202 47
287 47
294 47
297 47
236 47
251 47
316 47
284 47
341 47
100 47
160 47
73 46
79 46
81 46
85 46
387 46
398 46
401 46
424 46
188 46
219 46
293 46
226 46
311 46
309 46
98 46
109 46
148 46
55 45
74 45
234 45
197 45
383 45
429 45
217 45
312 45
336 45
242 45
120 45
144 45
3 44
14 44
92 44
314 44
253 44
332 44
334 44
335 44
36 43
45 43
58 43
62 43
291 43
340 43
107 43
176 43
64 42
228 42
391 42
397 42
426 42
187 42
270 42
211 42
308 42
255 42
134 42
138 42
174 42
67 41
382 41
194 41
22 40
41 40
212 40
272 40
364 39
96 39
128 39
162 39
8 38
66 38
408 38
427 38
347 38
137 38
76 37
419 37
70 36
143 36
113 36
352 35
346 35
152 35
1 33
329 33
114 33
428 31
277 31
121 31
218 30
124 29
145 29
5 24



